kernel line : count latency dram_traffic smem_bk_conflicts smem_warp gmem_access_generated gmem_warp exposed_latency warp_divergence
_1.ptx 199 : 4600 27600 0 0 0 0 0 0 0 
_1.ptx 200 : 4600 32200 0 0 0 0 0 0 0 
_1.ptx 204 : 230000 692870 0 0 0 0 0 0 0 
_1.ptx 206 : 230000 2530072 0 0 0 0 0 0 0 
_1.ptx 207 : 230000 1137410 0 0 0 9200 9200 0 0 
_1.ptx 209 : 230000 710892 0 0 0 0 0 0 0 
_1.ptx 211 : 230000 2531386 0 0 0 0 0 0 0 
_1.ptx 212 : 230000 1124352 0 0 0 9200 9200 0 0 
_1.ptx 214 : 230000 707312 0 0 0 0 0 0 0 
_1.ptx 216 : 230000 2533274 0 0 0 0 0 0 0 
_1.ptx 217 : 230000 1132724 0 0 0 9200 9200 0 0 
_1.ptx 219 : 230000 2533078 0 0 0 0 0 0 0 
_1.ptx 220 : 230000 2532920 0 0 0 0 0 0 0 
_1.ptx 221 : 230000 2533382 0 0 0 0 0 0 0 
_1.ptx 222 : 230000 2536236 0 0 0 0 0 0 0 
_1.ptx 223 : 230000 2994912 0 0 0 0 0 0 0 
_1.ptx 224 : 230000 1381854 0 0 0 0 0 0 0 
_1.ptx 225 : 230000 2531434 0 0 0 0 0 0 0 
_1.ptx 226 : 230000 3335238 0 0 0 0 0 0 0 
_1.ptx 227 : 230000 3313174 0 0 0 0 0 0 0 
_1.ptx 228 : 230000 2535774 0 0 0 0 0 0 0 
_1.ptx 229 : 230000 2532594 0 0 0 0 0 0 0 
_1.ptx 230 : 230000 2531166 0 0 0 0 0 0 0 
_1.ptx 231 : 230000 3021668 0 0 0 0 0 0 0 
_1.ptx 233 : 230000 3019018 0 0 0 0 0 0 0 
_1.ptx 234 : 230000 1382464 0 0 0 0 0 0 0 
_1.ptx 235 : 230000 1858302 0 0 0 0 0 0 0 
_1.ptx 236 : 230000 1359817 0 0 0 0 0 0 4606 
_1.ptx 237 : 4608 36866 0 0 0 0 0 0 0 
_1.ptx 238 : 4608 27600 0 0 0 0 0 0 2 
_1.ptx 240 : 8 88 0 0 0 0 0 0 0 
_1.ptx 241 : 8 88 0 0 0 0 0 0 0 
_1.ptx 242 : 8 89 0 0 0 0 0 0 0 
_1.ptx 243 : 8 368 0 0 0 0 0 0 0 
_1.ptx 244 : 8 48 0 0 0 0 0 0 0 
_1.ptx 245 : 8 368 0 0 0 0 0 0 0 
_1.ptx 247 : 8 24 0 0 0 0 0 0 0 
_1.ptx 249 : 8 88 0 0 0 0 0 0 0 
_1.ptx 250 : 8 32 0 0 0 8 8 0 0 
_1.ptx 251 : 8 88 0 0 0 0 0 0 0 
_1.ptx 252 : 8 104 0 0 0 0 0 0 0 
_1.ptx 254 : 8 24 0 0 0 0 0 0 0 
_1.ptx 256 : 8 88 0 0 0 0 0 0 0 
_1.ptx 257 : 8 32 0 0 0 8 8 0 0 
_1.ptx 258 : 8 89 0 0 0 0 0 0 0 
_1.ptx 259 : 8 104 0 0 0 0 0 0 0 
_1.ptx 262 : 230000 2315102 0 0 0 0 0 0 0 
_1.ptx 63 : 47104 282624 0 0 0 0 0 0 0 
_1.ptx 263 : 230000 2303960 0 0 0 0 0 0 0 
_1.ptx 64 : 47104 282624 0 0 0 0 0 0 0 
_1.ptx 65 : 47104 871424 0 0 0 0 0 0 0 
_1.ptx 265 : 230000 693380 0 0 0 0 0 0 0 
_1.ptx 66 : 47104 282624 0 0 0 0 0 0 0 
_1.ptx 67 : 47104 526432 0 0 0 0 0 0 0 
_1.ptx 267 : 230000 1850240 0 0 0 0 0 0 0 
_1.ptx 68 : 47104 635456 0 0 0 0 0 0 0 
_1.ptx 268 : 230000 1352400 0 0 0 0 0 0 0 
_1.ptx 69 : 47104 382624 0 0 0 0 0 0 0 
_1.ptx 269 : 4600 27600 0 0 0 0 0 0 0 
_1.ptx 70 : 47104 271118 0 0 0 0 0 0 92 
_1.ptx 72 : 4600 32200 0 0 0 0 0 0 0 
_1.ptx 73 : 4600 46000 0 0 0 0 0 0 0 
_1.ptx 74 : 4600 13800 0 0 0 0 0 0 0 
_1.ptx 75 : 4600 50762 0 0 0 0 0 0 0 
_1.ptx 275 : 4600 27600 0 0 0 0 0 0 0 
_1.ptx 76 : 4600 699280 0 0 0 184 184 0 0 
_1.ptx 276 : 4600 50600 0 0 0 0 0 0 0 
_1.ptx 78 : 4600 13800 0 0 0 0 0 0 0 
_1.ptx 277 : 4600 213100 0 0 0 0 0 0 0 
_1.ptx 79 : 4600 50600 0 0 0 0 0 0 0 
_1.ptx 278 : 4600 50600 0 0 0 0 0 0 0 
_1.ptx 80 : 4600 685652 0 0 0 184 184 0 0 
_1.ptx 279 : 4600 27246 0 0 0 184 184 0 0 
_1.ptx 82 : 4600 15186 0 0 0 0 0 0 0 
_1.ptx 281 : 4600 18754 0 0 0 184 184 0 0 
_1.ptx 83 : 4600 50600 0 0 0 0 0 0 0 
_1.ptx 282 : 4600 27600 0 0 0 0 0 0 0 
_1.ptx 84 : 4600 70270 0 0 0 184 184 0 0 
_1.ptx 283 : 4600 50600 0 0 0 0 0 0 0 
_1.ptx 85 : 4600 27600 0 0 0 0 0 0 0 
_1.ptx 284 : 4600 211942 0 0 0 0 0 0 0 
_1.ptx 86 : 4600 59800 0 0 0 0 0 0 0 
_1.ptx 285 : 4600 50600 0 0 0 0 0 0 0 
_1.ptx 286 : 4600 23000 0 0 0 184 184 0 0 
_1.ptx 88 : 4600 13800 0 0 0 0 0 0 0 
_1.ptx 89 : 4600 50600 0 0 0 0 0 0 0 
_1.ptx 90 : 4600 69150 0 0 0 184 184 0 0 
_1.ptx 289 : 47104 286912 0 0 0 0 0 0 0 
_1.ptx 91 : 4600 27600 0 0 0 0 0 0 0 
_1.ptx 92 : 4600 60286 0 0 0 0 0 0 0 
_1.ptx 93 : 4600 27600 0 0 0 0 0 0 0 
_1.ptx 94 : 4600 36800 0 0 0 0 0 0 0 
_1.ptx 95 : 4600 27444 0 0 0 0 0 0 26 
_1.ptx 97 : 26 182 0 0 0 0 0 0 0 
_1.ptx 98 : 26 156 0 0 0 0 0 0 0 
_1.ptx 99 : 26 156 0 0 0 0 0 0 0 
_1.ptx 101 : 4574 27444 0 0 0 0 0 0 0 
_1.ptx 102 : 4574 36592 0 0 0 0 0 0 0 
_1.ptx 103 : 4574 27294 0 0 0 0 0 0 25 
_1.ptx 105 : 25 175 0 0 0 0 0 0 0 
_1.ptx 106 : 25 151 0 0 0 0 0 0 0 
_1.ptx 107 : 25 150 0 0 0 0 0 0 0 
_1.ptx 109 : 4549 27294 0 0 0 0 0 0 0 
_1.ptx 110 : 4549 36392 0 0 0 0 0 0 0 
_1.ptx 111 : 4549 27132 0 0 0 0 0 0 27 
_1.ptx 113 : 27 189 0 0 0 0 0 0 0 
_1.ptx 114 : 27 163 0 0 0 0 0 0 0 
_1.ptx 115 : 27 162 0 0 0 0 0 0 0 
_1.ptx 117 : 4522 27132 0 0 0 0 0 0 0 
_1.ptx 118 : 4522 36176 0 0 0 0 0 0 0 
_1.ptx 119 : 4522 26970 0 0 0 0 0 0 27 
_1.ptx 121 : 27 189 0 0 0 0 0 0 0 
_1.ptx 122 : 27 162 0 0 0 0 0 0 0 
_1.ptx 128 : 4600 23000 0 0 0 184 184 0 0 
_1.ptx 130 : 4600 23480 0 0 0 184 184 0 0 
_1.ptx 132 : 4600 23000 0 0 0 184 184 0 0 
_1.ptx 134 : 4600 23480 0 0 0 184 184 0 0 
_1.ptx 137 : 47104 288000 0 0 0 0 0 0 0 
_1.ptx 156 : 47104 282624 0 0 0 0 0 0 0 
_1.ptx 157 : 47104 282624 0 0 0 0 0 0 0 
_1.ptx 158 : 47104 871424 0 0 0 0 0 0 0 
_1.ptx 159 : 47104 282624 0 0 0 0 0 0 0 
_1.ptx 160 : 47104 526368 0 0 0 0 0 0 0 
_1.ptx 161 : 47104 770048 128 0 0 0 0 0 0 
_1.ptx 162 : 47104 383936 0 0 0 0 0 0 0 
_1.ptx 163 : 47104 270214 0 0 0 0 0 0 92 
_1.ptx 165 : 4600 32200 0 0 0 0 0 0 0 
_1.ptx 166 : 4600 46270 0 0 0 0 0 0 0 
_1.ptx 167 : 4600 13800 0 0 0 0 0 0 0 
_1.ptx 168 : 4600 50672 0 0 0 0 0 0 0 
_1.ptx 169 : 4600 139240 256 0 0 184 184 0 0 
_1.ptx 171 : 4600 14470 0 0 0 0 0 0 0 
_1.ptx 172 : 4600 50600 0 0 0 0 0 0 0 
_1.ptx 173 : 4600 693180 256 0 0 184 184 0 0 
_1.ptx 175 : 4600 15442 0 0 0 0 0 0 0 
_1.ptx 176 : 4600 50600 0 0 0 0 0 0 0 
_1.ptx 177 : 4600 699828 256 0 0 184 184 0 0 
_1.ptx 178 : 4600 14200 0 0 0 0 0 0 0 
_1.ptx 179 : 4600 50600 0 0 0 0 0 0 0 
_1.ptx 180 : 4600 14280 0 0 0 0 0 0 0 
_1.ptx 181 : 4600 50600 0 0 0 0 0 0 0 
_1.ptx 182 : 4600 701876 256 0 0 184 184 0 0 
_1.ptx 183 : 4600 27600 0 0 0 0 0 0 0 
_1.ptx 185 : 4600 13800 0 0 0 0 0 0 0 
_1.ptx 187 : 4600 36800 0 0 0 0 0 0 0 
_1.ptx 188 : 4600 0 0 0 0 0 0 0 0 
_1.ptx 190 : 4600 13800 0 0 0 0 0 0 0 
_1.ptx 192 : 4600 33532 0 0 0 0 0 0 0 
_1.ptx 193 : 4600 693288 256 0 0 184 184 0 0 
_1.ptx 194 : 4600 27600 0 0 0 0 0 0 0 
_1.ptx 195 : 4600 50600 0 0 0 0 0 0 0 
_1.ptx 196 : 4600 27600 0 0 0 0 0 0 0 
_1.ptx 197 : 4600 27600 0 0 0 0 0 0 0 
_1.ptx 198 : 4600 27600 0 0 0 0 0 0 0 
