3328.000000
1796.000000
1516.000000
606.000000
1912.000000
2732.000000
3861.000000
2865.000000
120.000000
3193.000000
2019.000000
3891.000000
3666.000000
26.000000
1308.000000
3599.000000
1188.000000
200.000000
2468.000000
3991.000000
861.000000
3672.000000
290.000000
1188.000000
1347.000000
3452.000000
2903.000000
3314.000000
3358.000000
3434.000000
2782.000000
1805.000000
2032.000000
1823.000000
2445.000000
3132.000000
396.000000
672.000000
956.000000
3140.000000
111.000000
353.000000
1063.000000
644.000000
2621.000000
2343.000000
3263.000000
1599.000000
3475.000000
1309.000000
2528.000000
91.000000
1824.000000
2476.000000
1498.000000
921.000000
1124.000000
1318.000000
598.000000
2626.000000
416.000000
2737.000000
257.000000
152.000000
1639.000000
2773.000000
2121.000000
2389.000000
2269.000000
1864.000000
1851.000000
744.000000
3942.000000
2568.000000
3504.000000
418.000000
2551.000000
1895.000000
2622.000000
2493.000000
1833.000000
3261.000000
1398.000000
3871.000000
2311.000000
1510.000000
1568.000000
3631.000000
2423.000000
2252.000000
940.000000
103.000000
3548.000000
397.000000
984.000000
3901.000000
3341.000000
2804.000000
3369.000000
1426.000000
2374.000000
3260.000000
469.000000
1010.000000
2365.000000
3322.000000
3738.000000
1242.000000
3148.000000
3665.000000
774.000000
957.000000
3144.000000
857.000000
786.000000
1841.000000
2846.000000
1535.000000
2802.000000
1256.000000
1603.000000
3982.000000
17.000000
452.000000
1951.000000
3169.000000
1746.000000
2907.000000
1173.000000
2055.000000
3203.000000
3181.000000
1337.000000
2677.000000
219.000000
3463.000000
3003.000000
2309.000000
592.000000
1463.000000
3959.000000
3066.000000
2586.000000
3084.000000
2223.000000
1387.000000
1887.000000
3133.000000
2440.000000
658.000000
3011.000000
214.000000
540.000000
1551.000000
3278.000000
2122.000000
3857.000000
1126.000000
2676.000000
1718.000000
2750.000000
1677.000000
2807.000000
263.000000
3316.000000
2838.000000
3346.000000
725.000000
2635.000000
3166.000000
3979.000000
2529.000000
856.000000
3421.000000
410.000000
2699.000000
3779.000000
2909.000000
1810.000000
1585.000000
1304.000000
335.000000
216.000000
3495.000000
2213.000000
3163.000000
1948.000000
2510.000000
1169.000000
1145.000000
1401.000000
1477.000000
1494.000000
2333.000000
3843.000000
2744.000000
3962.000000
2875.000000
1559.000000
685.000000
