3043.000000
407.000000
2934.000000
2219.000000
2174.000000
1218.000000
2705.000000
240.000000
412.000000
1026.000000
1657.000000
2294.000000
2623.000000
3133.000000
1905.000000
1237.000000
2804.000000
1560.000000
2159.000000
1943.000000
1408.000000
986.000000
1636.000000
273.000000
1139.000000
2447.000000
661.000000
1505.000000
1166.000000
1917.000000
964.000000
3574.000000
3123.000000
2550.000000
1252.000000
455.000000
3409.000000
3260.000000
3908.000000
1771.000000
1297.000000
3179.000000
3444.000000
815.000000
3459.000000
2306.000000
1396.000000
2967.000000
3573.000000
486.000000
2425.000000
1450.000000
3922.000000
926.000000
905.000000
2178.000000
3477.000000
1939.000000
3609.000000
1848.000000
1685.000000
3145.000000
1099.000000
2589.000000
1138.000000
2400.000000
3624.000000
148.000000
3968.000000
3722.000000
2581.000000
2499.000000
1120.000000
2773.000000
1858.000000
31.000000
3403.000000
3508.000000
560.000000
3118.000000
3136.000000
803.000000
1243.000000
2254.000000
165.000000
3392.000000
2097.000000
3016.000000
2997.000000
3336.000000
383.000000
1917.000000
3572.000000
3038.000000
3334.000000
1248.000000
1979.000000
1003.000000
2564.000000
1563.000000
996.000000
699.000000
2926.000000
1942.000000
3797.000000
2459.000000
3420.000000
556.000000
3192.000000
3906.000000
3038.000000
289.000000
1383.000000
3861.000000
2502.000000
3548.000000
3.000000
1527.000000
661.000000
91.000000
789.000000
1440.000000
1720.000000
366.000000
1257.000000
163.000000
538.000000
3935.000000
2836.000000
3128.000000
470.000000
2518.000000
373.000000
3902.000000
3315.000000
2756.000000
3856.000000
2759.000000
1049.000000
3773.000000
156.000000
914.000000
315.000000
2987.000000
2415.000000
244.000000
2975.000000
783.000000
443.000000
3971.000000
2169.000000
441.000000
184.000000
814.000000
2413.000000
481.000000
190.000000
338.000000
3847.000000
1739.000000
3947.000000
2247.000000
1487.000000
2562.000000
3393.000000
978.000000
2166.000000
305.000000
522.000000
1100.000000
2711.000000
3269.000000
3418.000000
3805.000000
27.000000
2219.000000
3744.000000
2409.000000
2220.000000
2608.000000
822.000000
2555.000000
338.000000
394.000000
2841.000000
139.000000
1940.000000
2305.000000
2175.000000
3180.000000
2380.000000
1891.000000
3027.000000
1309.000000
840.000000
1688.000000
3486.000000
1432.000000
2471.000000
3652.000000
